1 Juan Perez 12345678A 1797.83 1877.89 1617.91 1953.09 1522.75 1307.89 1325.82 1331.02 1635.55 1578.33 1945.21 1965.47
2 Maria Garcia 87654321B 1201.41 1681.94 1492.86 1244.81 1729.26 1223.11 1558.23 1793.46 1856.72 1977.12 1310.34 1216.14
3 Pedro Rodriguez 12398745C 1846.42 1440.97 1615.8 1645.61 1237.15 1813.88 1552.62 1938.82 1831.86 1465.47 1255.13 1498.56
4 Laura Sanchez 87451236D 1267.5 1593.95 1301.13 1254.53 1300.25 1246.18 1753.27 1519.84 1252.75 1966.09 1492.41 1846.18
5 Javier Lopez 74951238E 1608.35 1457.33 1431.36 1432.51 1500.7 1390.77 1973.36 1699.66 1635.09 1456.8 1280.28 1324.81
6 Ana Fernandez 98234567F 1791.56 1556.89 1741.58 1937.14 1497.67 1848.77 1485.34 1807.88 1722.56 1803.52 1849.11 1224.99
7 Miguel Torres 34567821G 1331.74 1702.98 1228.49 1624.74 1355.77 1499.99 1847.6 1359.56 1663.86 1483.81 1546.04 1413.53
8 Lucia Martin 54872345H 1597.15 1537.32 1653.05 1633.76 1704.24 1342.38 1619.98 1728.3 1535.13 1884.14 1708.31 1387.78
9 Raul Gonzalez 67543218I 1688.07 1424.6 1481.07 1220.41 1366.64 1960.27 1721.29 1546.88 1993.39 1448.48 1901.89 1883.53
10 Carmen Ruiz 32458769J 1338.85 1981.01 1657.29 1749.54 1563.71 1803.77 1257.79 1265.63 1734.73 1225.33 1663.27 1868.97
11 Sergio Hernandez 82736451K 1563.52 1426.97 1334.11 1350.88 1930.51 1381.11 1802.37 1731.15 1994.73 1504.97 1457.58 1614.59
12 Sofia Morales 92748365L 1553.2 1720.37 1876.84 1832.57 1602.28 1860.35 1330.14 1554.47 1366.26 1857.92 1817.25 1660.69
13 David Castillo 43658729M 1996.98 1871.47 1943.3 1401.18 1711.59 1646.27 1716.47 1220.38 1923.63 1980.59 1351.08 1911.36
14 Isabel Ortega 98237465N 1335.98 1560.08 1586.22 1969.34 1402.75 1242.91 1479.8 1946.25 1230.0 1523.25 1914.54 1965.69
15 Manuel Vega 12387594O 1273.85 1769.94 1552.68 1539.03 1507.69 1931.74 1502.11 1830.88 1468.41 1520.13 1907.54 1554.04
16 Paula Rojas 76543218P 1954.97 1225.25 1255.79 1530.95 1540.82 1889.87 1385.57 1640.92 1875.01 1360.99 1217.23 1779.32
17 Ruben Gimenez 12983756Q 1585.17 1558.2 1269.42 1586.87 1458.61 1542.43 1504.88 1664.36 1866.31 1838.09 1748.64 1770.15
18 Adriana Ramos 67834512R 1507.79 1556.48 1247.49 1904.57 1292.97 1787.56 1890.68 1817.87 1740.68 1871.87 1787.08 1734.77
19 Jose Ibanez 98237645S 1461.43 1533.79 1495.48 1571.32 1305.81 1452.14 1429.72 1626.32 1597.51 1263.21 1811.9 1461.86
20 Claudia Pardo 78452139T 1333.96 1636.27 1222.08 1844.48 1925.25 1930.88 1493.97 1200.5 1555.68 1439.96 1431.96 1446.04
21 Vicente Varela 92387546U 1990.36 1942.09 1975.21 1484.39 1612.63 1830.92 1410.91 1720.37 1466.44 1859.47 1439.03 1623.25
22 Andrea Gutierrez 34827619V 1890.81 1531.03 1317.02 1477.04 1572.27 1388.6 1563.51 1388.85 1303.86 1498.71 1976.06 1383.01
23 Fernando Serrano 23879456W 1428.15 1895.4 1818.43 1990.82 1654.52 1844.55 1759.08 1952.72 1479.53 1508.22 1892.93 1281.71
24 Beatriz Diaz 87236451X 1202.42 1533.25 1554.6 1593.97 1515.95 1257.95 1831.77 1694.53 1866.26 1825.11 1913.46 1312.94
25 Diego Romero 94738265Y 1813.51 1709.2 1658.34 1615.95 1888.54 1810.16 1444.54 1281.25 1728.9 1735.6 1662.6 1898.15
